10
Zebrafish 	0	0.5129366327454599	0.5327380210895645	0.491061035719057	0.5269919763967293	0.470466830908774	0.5353960387106315	0.5290068402403227	0.5385032414977682	0.4671773519513332
GuineaPig 	0.5129366327454599	0	0.3059668270654622	0.1671961821630397	0.3045797544704779	0.1609052080305933	0.2371139608321604	0.2378479065301985	0.2186592622428394	0.1640978343486067
NorwayRat 	0.5327380210895645	0.3059668270654622	0	0.02629541896929867	0.3402151124964086	0.131834970034425	0.2597739590321545	0.2604721888719893	0.2409065868017067	0.1175585362532287
HouseMouse	0.491061035719057	0.1671961821630397	0.02629541896929867	0	0.1552801078107233	0.123643762333856	0.1165491148357124	0.1145343386072749	0.1165491148357124	0.1185693180773797
Cattle    	0.5269919763967293	0.3045797544704779	0.3402151124964086	0.1552801078107233	0	0.09975080443826545	0.2270267818538866	0.220679604748455	0.1956487970058389	0.1115892613467034
Pig       	0.470466830908774	0.1609052080305933	0.131834970034425	0.123643762333856	0.09975080443826545	0	0.09629171415216653	0.09242448031796106	0.09435560465490375	0.09629171415216653
RhesusMonk	0.5353960387106315	0.2371139608321604	0.2597739590321545	0.1165491148357124	0.2270267818538866	0.09629171415216653	0	0.04497864376953731	0.04260384445089398	0.02690482299659152
SumatranOr	0.5290068402403227	0.2378479065301985	0.2604721888719893	0.1145343386072749	0.220679604748455	0.09242448031796106	0.04497864376953731	0	0.01304657420929835	0.01116539372742131
Human     	0.5385032414977682	0.2186592622428394	0.2409065868017067	0.1165491148357124	0.1956487970058389	0.09435560465490375	0.04260384445089398	0.01304657420929835	0	0.00341783559307372
Chimpanzee	0.4671773519513332	0.1640978343486067	0.1175585362532287	0.1185693180773797	0.1115892613467034	0.09629171415216653	0.02690482299659152	0.01116539372742131	0.00341783559307372	0