10
NorwayRat 	0	0.1695870805142628	1.314490083628701	0.7026013690280312	0.7034001589311871	0.7159178318271218	0.6074538882085536	0.6080949294725441	0.6063028858641533	0.6094776819780092
HouseMouse	0.1695870805142628	0	1.328326985042829	0.6924414429797328	0.6862246712769483	0.7060341766278234	0.6041505828104713	0.6030187988832308	0.6048382888972472	0.6036880337362689
Zebrafish 	1.314490083628701	1.328326985042829	0	1.066236163767655	1.032647002839903	1.060683117355775	1.019228965259157	1.024620383825658	1.009204722204495	0.9993848011851925
GuineaPig 	0.7026013690280312	0.6924414429797328	1.066236163767655	0	0.5395114422187099	0.5725352717125656	0.4927239660160516	0.4473971229909591	0.4713206909795488	0.4470716895295153
Cattle    	0.7034001589311871	0.6862246712769483	1.032647002839903	0.5395114422187099	0	0.3369040603669201	0.4092978996855234	0.4027622624130271	0.4030637148548792	0.3979652449015228
Pig       	0.7159178318271218	0.7060341766278234	1.060683117355775	0.5725352717125656	0.3369040603669201	0	0.438454098941503	0.4032670920525803	0.417899008373302	0.4029686400674005
RhesusMonk	0.6074538882085536	0.6041505828104713	1.019228965259157	0.4927239660160516	0.4092978996855234	0.438454098941503	0	0.06213179826052742	0.0629914501285626	0.06151947111290505
SumatranOr	0.6080949294725441	0.6030187988832308	1.024620383825658	0.4473971229909591	0.4027622624130271	0.4032670920525803	0.06213179826052742	0	0.03296401703933666	0.03297353096986594
Human     	0.6063028858641533	0.6048382888972472	1.009204722204495	0.4713206909795488	0.4030637148548792	0.417899008373302	0.0629914501285626	0.03296401703933666	0	0.01267831697515143
Chimpanzee	0.6094776819780092	0.6036880337362689	0.9993848011851925	0.4470716895295153	0.3979652449015228	0.4029686400674005	0.06151947111290505	0.03297353096986594	0.01267831697515143	0