10
Zebrafish 	0	0.9190157278308146	0.9151068702622069	0.9325387804977632	0.9331337277684681	0.9585635970654779	0.9654003501715964	0.8247297645140668	1.008935139793439	0.9720798600714593
RhesusMonk	0.9190157278308146	0	0.06814210232716131	0.06813216324097893	0.06866519742432783	0.3893148407107206	0.3839829091819144	0.4904139459780258	0.5834091506068582	0.5865459152554644
SumatranOr	0.9151068702622069	0.06814210232716131	0	0.03110812693280621	0.03286515206829072	0.3912816936971054	0.3705416053210182	0.4851018444132371	0.5832675287332481	0.5811750885667094
Human     	0.9325387804977632	0.06813216324097893	0.03110812693280621	0	0.01225464472969999	0.3812707880533717	0.3745314945674005	0.487915632953244	0.5840726496828078	0.5866098929905726
Chimpanzee	0.9331337277684681	0.06866519742432783	0.03286515206829072	0.01225464472969999	0	0.3608222722653909	0.3643643288372467	0.4854176008984545	0.5916686701622176	0.5812994816559953
Pig       	0.9585635970654779	0.3893148407107206	0.3912816936971054	0.3812707880533717	0.3608222722653909	0	0.3073238265650145	0.6462147592497383	0.6767197301055851	0.6680062342944533
Cattle    	0.9654003501715964	0.3839829091819144	0.3705416053210182	0.3745314945674005	0.3643643288372467	0.3073238265650145	0	0.6098026107117637	0.657785893357877	0.6536383780996738
GuineaPig 	0.8247297645140668	0.4904139459780258	0.4851018444132371	0.487915632953244	0.4854176008984545	0.6462147592497383	0.6098026107117637	0	0.6139189196601322	0.6203222785455098
NorwayRat 	1.008935139793439	0.5834091506068582	0.5832675287332481	0.5840726496828078	0.5916686701622176	0.6767197301055851	0.657785893357877	0.6139189196601322	0	0.170205286902804
HouseMouse	0.9720798600714593	0.5865459152554644	0.5811750885667094	0.5866098929905726	0.5812994816559953	0.6680062342944533	0.6536383780996738	0.6203222785455098	0.170205286902804	0