10
NorwayRat 	0	0.1710971777196841	1.177098373409352	0.5085134388988256	0.5053609092398967	0.5043778492527901	0.438689884755595	0.5096103126812572	0.4566170157550133	0.4339368529498664
HouseMouse	0.1710971777196841	0	1.16361607987413	0.5177066341015042	0.5120739774544265	0.5079120913831352	0.4435906208632163	0.5043190629764316	0.4514046241091981	0.4353547903765507
Zebrafish 	1.177098373409352	1.16361607987413	0	0.9716433391684938	0.9947005400726892	0.9837414784392173	0.9240082848767492	0.9343152601480516	0.9386671744269099	0.9285302302922587
GuineaPig 	0.5085134388988256	0.5177066341015042	0.9716433391684938	0	0.4185199619161717	0.3963141444471134	0.3406685159732162	0.3830774164645446	0.3443502395337434	0.3271632109704636
Cattle    	0.5053609092398967	0.5120739774544265	0.9947005400726892	0.4185199619161717	0	0.2449101742634814	0.3030860425848657	0.3541251721635907	0.313692733908231	0.3041137649241989
Pig       	0.5043778492527901	0.5079120913831352	0.9837414784392173	0.3963141444471134	0.2449101742634814	0	0.2889089096144802	0.3327104310945413	0.2873366256916978	0.2859636191574338
RhesusMonk	0.438689884755595	0.4435906208632163	0.9240082848767492	0.3406685159732162	0.3030860425848657	0.2889089096144802	0	0.1207244514434683	0.07860297663945577	0.0575524684635981
SumatranOr	0.5096103126812572	0.5043190629764316	0.9343152601480516	0.3830774164645446	0.3541251721635907	0.3327104310945413	0.1207244514434683	0	0.09208440153811823	0.06692718639992612
Human     	0.4566170157550133	0.4514046241091981	0.9386671744269099	0.3443502395337434	0.313692733908231	0.2873366256916978	0.07860297663945577	0.09208440153811823	0	0.01396523527090229
Chimpanzee	0.4339368529498664	0.4353547903765507	0.9285302302922587	0.3271632109704636	0.3041137649241989	0.2859636191574338	0.0575524684635981	0.06692718639992612	0.01396523527090229	0