10
Zebrafish 	0	0.2945602409720344	0.8187399887578546	0.771829057865816	0.4896549610665039	0.4671123871735006	0.8607828813715246	0.8581037681396464	0.8549293267652831	0.8522249482499111
GuineaPig 	0.2945602409720344	0	0.08533206369242197	0.07693249515833911	0.07175862381679957	0.06981781729950898	0.05094208532033032	0.05784927151542232	0.05323741993515989	0.05170641659667307
HouseMouse	0.8187399887578546	0.08533206369242197	0	0.09619075164275914	0.1600486049956871	0.1455510228140994	0.2870000618096819	0.282358178426184	0.2858237127340237	0.2857091182003844
NorwayRat 	0.771829057865816	0.07693249515833911	0.09619075164275914	0	0.1464489576714324	0.1428636505748367	0.2501544451456646	0.2425271432257646	0.2466339022186254	0.2466339022186254
Cattle    	0.4896549610665039	0.07175862381679957	0.1600486049956871	0.1464489576714324	0	0.08439808316699654	0.1045166406828835	0.1011258465489569	0.1011258465489569	0.09775031342479622
Pig       	0.4671123871735006	0.06981781729950898	0.1455510228140994	0.1428636505748367	0.08439808316699654	0	0.09943618095116734	0.1002805379218573	0.09859277349652881	0.09522859628309227
RhesusMonk	0.8607828813715246	0.05094208532033032	0.2870000618096819	0.2501544451456646	0.1045166406828835	0.09943618095116734	0	0.04839525979633418	0.04672745024124755	0.04510029075270231
SumatranOr	0.8581037681396464	0.05784927151542232	0.282358178426184	0.2425271432257646	0.1011258465489569	0.1002805379218573	0.04839525979633418	0	0.01858409511309053	0.01724213866852404
Human     	0.8549293267652831	0.05323741993515989	0.2858237127340237	0.2466339022186254	0.1011258465489569	0.09859277349652881	0.04672745024124755	0.01858409511309053	0	0.008580436801419792
Chimpanzee	0.8522249482499111	0.05170641659667307	0.2857091182003844	0.2466339022186254	0.09775031342479622	0.09522859628309227	0.04510029075270231	0.01724213866852404	0.008580436801419792	0