10
Zebrafish 	0	0.9536708858999917	1.342268074338489	1.341908592535313	1.248275899463021	1.209867761539797	1.18582467108417	1.202792592856034	1.628049721416933	1.333183137369027
GuineaPig 	0.9536708858999917	0	0.8627910762846567	0.8660889892124418	0.6678394651574898	0.7176884760064227	0.7173487478106139	0.7131919283900512	0.5913430202732025	0.7470431545663397
NorwayRat 	1.342268074338489	0.8627910762846567	0	0.185113174581988	0.6375966042904009	0.6568246083269594	0.6558130688540063	0.6546048368797788	0.6238432062948794	0.6963974059340687
HouseMouse	1.341908592535313	0.8660889892124418	0.185113174581988	0	0.6277557277391692	0.6521921248080564	0.645330734203197	0.6473635525752434	0.6297205813890718	0.6811453102088514
RhesusMonk	1.248275899463021	0.6678394651574898	0.6375966042904009	0.6277557277391692	0	0.05558910827132251	0.0550284362722353	0.0557670125806213	0.4408399986765892	0.4447444578771268
SumatranOr	1.209867761539797	0.7176884760064227	0.6568246083269594	0.6521921248080564	0.05558910827132251	0	0.02595347823039283	0.02635380364103609	0	0.4493834539578859
Human     	1.18582467108417	0.7173487478106139	0.6558130688540063	0.645330734203197	0.0550284362722353	0.02595347823039283	0	0.01157585402005557	0	0.45444669557616
Chimpanzee	1.202792592856034	0.7131919283900512	0.6546048368797788	0.6473635525752434	0.0557670125806213	0.02635380364103609	0.01157585402005557	0	0	0.4502200257721788
Pig       	1.628049721416933	0.5913430202732025	0.6238432062948794	0.6297205813890718	0.4408399986765892	0	0	0	0	0.3448383745755684
Cattle    	1.333183137369027	0.7470431545663397	0.6963974059340687	0.6811453102088514	0.4447444578771268	0.4493834539578859	0.45444669557616	0.4502200257721788	0.3448383745755684	0