10
Zebrafish 	0	1.061718849857844	0.982376915005627	1.011548444658181	1.046445591288357	1.017642531835079	1.008974416062726	1.013089506065058	1.040657685390242	1.060038094607334
Pig       	1.061718849857844	0	0.2908228882849472	0.5389979075407416	0.4077376776159596	0.3981953418237988	0.3972511171534464	0.3979533915356374	0.6640388690861296	0.6474473044629911
Cattle    	0.982376915005627	0.2908228882849472	0	0.547782059398378	0.4233606803108801	0.4171656082786583	0.4174498519915973	0.417281224753849	0.6869895205462855	0.6822891462212499
GuineaPig 	1.011548444658181	0.5389979075407416	0.547782059398378	0	0.5143758593601616	0.5131467202329481	0.5138682822186721	0.5132298511207958	0.7144518773856209	0.71035646304916
RhesusMonk	1.046445591288357	0.4077376776159596	0.4233606803108801	0.5143758593601616	0	0.0652738100249035	0.06492052447020019	0.06494948622306124	0.5595268964963647	0.5572760772565322
SumatranOr	1.017642531835079	0.3981953418237988	0.4171656082786583	0.5131467202329481	0.0652738100249035	0	0.03028947301419316	0.03060935098855497	0.5597509251837745	0.550851750312676
Human     	1.008974416062726	0.3972511171534464	0.4174498519915973	0.5138682822186721	0.06492052447020019	0.03028947301419316	0	0.01165732713166499	0.5619240620046156	0.5478733799274345
Chimpanzee	1.013089506065058	0.3979533915356374	0.417281224753849	0.5132298511207958	0.06494948622306124	0.03060935098855497	0.01165732713166499	0	0.5604334658887234	0.546624773286745
NorwayRat 	1.040657685390242	0.6640388690861296	0.6869895205462855	0.7144518773856209	0.5595268964963647	0.5597509251837745	0.5619240620046156	0.5604334658887234	0	0.1720728467044265
HouseMouse	1.060038094607334	0.6474473044629911	0.6822891462212499	0.71035646304916	0.5572760772565322	0.550851750312676	0.5478733799274345	0.546624773286745	0.1720728467044265	0