10
Zebrafish 0.0 1.0011516081696625 0.9997623885693141 0.8927238306239702 0.9663996896003224 0.9553498262240827 0.9515425741577862 0.9177752779599173 0.981670329296349 0.9299506595532985 
NorwayRat 1.0011516081696625 0.0 0.134974056489512 0.5930424072459712 0.5162303580711225 0.5273359085671789 0.5219779583389752 0.5603856153026475 0.5545149470044916 0.5617186647414798 
HouseMouse 0.9997623885693141 0.134974056489512 0.0 0.5960079715968232 0.5244555089340991 0.5303805883423903 0.5740870225300843 0.5721570574977486 0.5656982179015246 0.5589867682512977 
GuineaPig 0.8927238306239702 0.5930424072459712 0.5960079715968232 0.0 0.49499537416718575 0.4984896750097366 0.4963092863871693 0.4948389128805423 0.5304608909696262 0.5295998676887146 
RhesusMonk 0.9663996896003224 0.5162303580711225 0.5244555089340991 0.49499537416718575 0.0 0.06721001338033858 0.06358680572799559 0.10520327451308152 0.4334373595854973 0.3912166708826512 
SumatranOr 0.9553498262240827 0.5273359085671789 0.5303805883423903 0.4984896750097366 0.06721001338033858 0.0 0.03369069106089169 0.07710849969280976 0.40522902890578 0.39190512772376007 
Human 0.9515425741577862 0.5219779583389752 0.5740870225300843 0.4963092863871693 0.06358680572799559 0.03369069106089169 0.0 0.057147210053511074 0.40187217853124346 0.41625139007787615 
Chimpanzee 0.9177752779599173 0.5603856153026475 0.5721570574977486 0.4948389128805423 0.10520327451308152 0.07710849969280976 0.057147210053511074 0.0 0.4458546184021902 0.4245054802567343 
Pig 0.981670329296349 0.5545149470044916 0.5656982179015246 0.5304608909696262 0.4334373595854973 0.40522902890578 0.40187217853124346 0.4458546184021902 0.0 0.3021904607701841 
Cattle 0.9299506595532985 0.5617186647414798 0.5589867682512977 0.5295998676887146 0.3912166708826512 0.39190512772376007 0.41625139007787615 0.4245054802567343 0.3021904607701841 0.0 