10
Zebrafish 0.0 1.111232741492983 1.0991056398100318 1.0610500661894082 1.157487088052425 1.1412461227721007 1.1172812403485324 1.1150066211482328 1.0629982931864246 1.0732710604032984 
NorwayRat 1.111232741492983 0.0 0.1446484679486241 0.7274307026097565 0.7370925111981389 0.7660079562806951 0.7629357021574049 0.775637345830769 0.6708175566431165 0.693233313413004 
HouseMouse 1.0991056398100318 0.1446484679486241 0.0 0.7615154036330325 0.7854394639907294 0.8007858175742714 0.7933337808740262 0.814548310555794 0.7082621785436818 0.7186709341761063 
GuineaPig 1.0610500661894082 0.7274307026097565 0.7615154036330325 0.0 0.7678100672227843 0.7725042351661167 0.7738035355883446 0.7080849320889434 0.6585467264906409 0.6679095026179213 
RhesusMonk 1.157487088052425 0.7370925111981389 0.7854394639907294 0.7678100672227843 0.0 0.07488046398264364 0.07373422132411972 0.07688245162453008 0.600331486327205 0.5948072711202543 
SumatranOr 1.1412461227721007 0.7660079562806951 0.8007858175742714 0.7725042351661167 0.07488046398264364 0.0 0.037092709478835015 0.03871896638362745 0.5998858285736077 0.5947438651443575 
Human 1.1172812403485324 0.7629357021574049 0.7933337808740262 0.7738035355883446 0.07373422132411972 0.037092709478835015 0.0 0.018673225904381457 0.5966253326026522 0.5918208047533728 
Chimpanzee 1.1150066211482328 0.775637345830769 0.814548310555794 0.7080849320889434 0.07688245162453008 0.03871896638362745 0.018673225904381457 0.0 0.6067690198396842 0.5931330495837903 
Pig 1.0629982931864246 0.6708175566431165 0.7082621785436818 0.6585467264906409 0.600331486327205 0.5998858285736077 0.5966253326026522 0.6067690198396842 0.0 0.37087846530017604 
Cattle 1.0732710604032984 0.693233313413004 0.7186709341761063 0.6679095026179213 0.5948072711202543 0.5947438651443575 0.5918208047533728 0.5931330495837903 0.37087846530017604 0.0 