10
NorwayRat 0.0 0.13594160730028257 0.566628801648186 0.6287722742438173 0.4490960875286549 0.44248385260605183 0.44493857507798873 0.6505852802713153 0.6167081875548331 0.9668423997358884 
HouseMouse 0.13594160730028257 0.0 0.5673392089995621 0.632777313315016 0.4500743683683157 0.6361830355435727 0.4444214467414033 0.6518879456410825 0.6136647091318495 0.974126624242178 
Cattle 0.566628801648186 0.5673392089995621 0.0 0.3772806855704133 0.3481236243396937 0.4594209066009738 0.34500480193191885 0.5996781926307426 0.5186306388772438 0.9366323659102956 
Pig 0.6287722742438173 0.632777313315016 0.3772806855704133 0.0 0.5486793159060191 0.5457336749420835 0.5463842191734225 0.6780106651345078 0.7197209401011264 1.0774385372755104 
RhesusMonk 0.4490960875286549 0.4500743683683157 0.3481236243396937 0.5486793159060191 0.0 0.06793199030828057 0.06907860567290981 0.47560264106222305 0.24078720956754507 0.9407829528732388 
Human 0.44248385260605183 0.6361830355435727 0.4594209066009738 0.5457336749420835 0.06793199030828057 0.0 0.03279240681159675 0.46905894630978445 0.18984473150932363 0.940793379802803 
SumatranOr 0.44493857507798873 0.4444214467414033 0.34500480193191885 0.5463842191734225 0.06907860567290981 0.03279240681159675 0.0 0.4710308820321473 0.21065183150257652 0.927052234781509 
GuineaPig 0.6505852802713153 0.6518879456410825 0.5996781926307426 0.6780106651345078 0.47560264106222305 0.46905894630978445 0.4710308820321473 0.0 0.5514881943172726 0.9621481418066595 
Chimpanzee 0.6167081875548331 0.6136647091318495 0.5186306388772438 0.7197209401011264 0.24078720956754507 0.18984473150932363 0.21065183150257652 0.5514881943172726 0.0 0.8264647089297108 
Zebrafish 0.9668423997358884 0.974126624242178 0.9366323659102956 1.0774385372755104 0.9407829528732388 0.940793379802803 0.927052234781509 0.9621481418066595 0.8264647089297108 0.0 