10
Zebrafish 0.0 0.7038106394508941 0.9370463000481775 0.918215886969515 0.8299642445293702 0.9178807307811502 0.9179164633062875 0.9023386087236617 0.8933671968230759 0.8975732539624122 
GuineaPig 0.7038106394508941 0.0 0.4712119026657311 0.46140350743970027 0.3827083331769137 0.3412938263933535 0.3463386911838722 0.36206751024094763 0.3618132072232041 0.3638449411791932 
HouseMouse 0.9370463000481775 0.4712119026657311 0.0 0.12500990968262887 0.44813264616907933 0.42035431358758396 0.4245991449361351 0.42555326679547495 0.4269807934945554 0.42568730434180224 
NorwayRat 0.918215886969515 0.46140350743970027 0.12500990968262887 0.0 0.435322025398387 0.4112573618260518 0.40640111290690617 0.40803586297027244 0.4105174940665238 0.4110364924891575 
Cattle 0.8299642445293702 0.3827083331769137 0.44813264616907933 0.435322025398387 0.0 0.2133804758017267 0.2910873797441094 0.2908446826572412 0.29202966387307067 0.2917500825634851 
Pig 0.9178807307811502 0.3412938263933535 0.42035431358758396 0.4112573618260518 0.2133804758017267 0.0 0.2814962452540475 0.1697251435855427 0.16991419988691941 0.17041695225735232 
RhesusMonk 0.9179164633062875 0.3463386911838722 0.4245991449361351 0.40640111290690617 0.2910873797441094 0.2814962452540475 0.0 0.050886734915627285 0.049598402664609256 0.04948294686089525 
SumatranOr 0.9023386087236617 0.36206751024094763 0.42555326679547495 0.40803586297027244 0.2908446826572412 0.1697251435855427 0.050886734915627285 0.0 0.022576868023245156 0.023080385093659065 
Human 0.8933671968230759 0.3618132072232041 0.4269807934945554 0.4105174940665238 0.29202966387307067 0.16991419988691941 0.049598402664609256 0.022576868023245156 0.0 0.009491874658132372 
Chimpanzee 0.8975732539624122 0.3638449411791932 0.42568730434180224 0.4110364924891575 0.2917500825634851 0.17041695225735232 0.04948294686089525 0.023080385093659065 0.009491874658132372 0.0 