10
Zebrafish 0.0 0.8438864750489188 1.0083154044802642 0.9887709901768689 0.8799349673702295 0.8683637559423111 0.8494122541693381 0.8507623386190597 0.854728479656734 0.832056527799313 
GuineaPig 0.8438864750489188 0.0 0.5327501386631128 0.4994166344474466 0.4681034423292808 0.44399234586000264 0.39023009719986346 0.3883560725997348 0.38056145642734396 0.35593758393676006 
NorwayRat 1.0083154044802642 0.5327501386631128 0.0 0.1342962410265124 0.5516905185063423 0.5072125953049805 0.4723317206507903 0.49036123993975966 0.4719747845259203 0.4381604353358305 
HouseMouse 0.9887709901768689 0.4994166344474466 0.1342962410265124 0.0 0.501804283660443 0.5013990661598169 0.4377090584412161 0.4507618222584117 0.4398504802081826 0.43472790596154864 
Cattle 0.8799349673702295 0.4681034423292808 0.5516905185063423 0.501804283660443 0.0 0.24722221640842035 0.3308484083265475 0.33702716116152276 0.32173418508408735 0.2945081500024179 
Pig 0.8683637559423111 0.44399234586000264 0.5072125953049805 0.5013990661598169 0.24722221640842035 0.0 0.30324239085471755 0.304920924290547 0.2952155066933188 0.2865115614105979 
RhesusMonk 0.8494122541693381 0.39023009719986346 0.4723317206507903 0.4377090584412161 0.3308484083265475 0.30324239085471755 0.0 0.07399424895017359 0.06308260861497282 0.053660489999355625 
SumatranOr 0.8507623386190597 0.3883560725997348 0.49036123993975966 0.4507618222584117 0.33702716116152276 0.304920924290547 0.07399424895017359 0.0 0.042300779929889856 0.03598281579137602 
Human 0.854728479656734 0.38056145642734396 0.4719747845259203 0.4398504802081826 0.32173418508408735 0.2952155066933188 0.06308260861497282 0.042300779929889856 0.0 0.010579008142206858 
Chimpanzee 0.832056527799313 0.35593758393676006 0.4381604353358305 0.43472790596154864 0.2945081500024179 0.2865115614105979 0.053660489999355625 0.03598281579137602 0.010579008142206858 0.0 