10
NorwayRat 	0	0.1141836135420888	0.4076268637454502	0.4362902961201354	0.3906902965607341	0.3919091273522297	0.3908957265387082	0.5592324617800992	1.779372811644571	1.27072607250976
HouseMouse	0.1141836135420888	0	0.4004808512424621	0.4307787598752453	0.3845613773870767	0.3887225974492883	0.3872979785185315	0.552931159684476	1.745158339172318	1.274422442630228
Cattle    	0.4076268637454502	0.4004808512424621	0	0.1782719612816856	0.2300449797498859	0.2254613993352969	0.2257464568514818	0.4782347808914061	1.613654726114061	1.249550087056875
Pig       	0.4362902961201354	0.4307787598752453	0.1782719612816856	0	0.2374980814700397	0.2362281979654145	0.2366584679688045	0.5076594964608235	1.622620925219645	1.231339309724715
RhesusMonk	0.3906902965607341	0.3845613773870767	0.2300449797498859	0.2374980814700397	0	0.04774814250629916	0.04830643129875627	0.4676533460465138	1.423747743594973	1.204494730618482
Human     	0.3919091273522297	0.3887225974492883	0.2254613993352969	0.2362281979654145	0.04774814250629916	0	0.02292402808323837	0.4697681037785363	1.423747743594973	1.200950685767991
SumatranOr	0.3908957265387082	0.3872979785185315	0.2257464568514818	0.2366584679688045	0.04830643129875627	0.02292402808323837	0	0.4683633035717033	1.442280097061024	1.198945873026516
GuineaPig 	0.5592324617800992	0.552931159684476	0.4782347808914061	0.5076594964608235	0.4676533460465138	0.4697681037785363	0.4683633035717033	0	1.130620400604128	0.9579275382528734
Chimpanzee	1.779372811644571	1.745158339172318	1.613654726114061	1.622620925219645	1.423747743594973	1.423747743594973	1.442280097061024	1.130620400604128	0	0.3225676165601652
Zebrafish 	1.27072607250976	1.274422442630228	1.249550087056875	1.231339309724715	1.204494730618482	1.200950685767991	1.198945873026516	0.9579275382528734	0.3225676165601652	0