10
Zebrafish 	0	0.8188678131363716	0.8028148125262354	0.8239592165010822	0.8786855340216397	0.8256629882469648	0.88027448053916	0.8735086902390639	0.9240522198134522	0.881704699283225
Pig       	0.8188678131363716	0	0.4655342515179025	0.7980223535309652	0.8133956615897779	0.7391983909949845	0.6412191893873654	0.6556957041991311	0.6429369873600886	0.6356283779845534
Cattle    	0.8028148125262354	0.4655342515179025	0	0.7521051678853252	0.7634950472602324	0.7495686346454615	0.6429688117946097	0.6505509512161172	0.6419828426696185	0.6383984721249549
NorwayRat 	0.8239592165010822	0.7980223535309652	0.7521051678853252	0	0.1336861735547391	0.6875472417301087	0.6959690616116687	0.6794734338313843	0.6654577750702657	0.6674594802710366
HouseMouse	0.8786855340216397	0.8133956615897779	0.7634950472602324	0.1336861735547391	0	0.7103163570172765	0.7105832232321549	0.6823385149982035	0.7020321797672389	0.675678021490422
GuineaPig 	0.8256629882469648	0.7391983909949845	0.7495686346454615	0.6875472417301087	0.7103163570172765	0	0.5924531037321046	0.6008388438289753	0.5871344760663203	0.5917601147398045
RhesusMonk	0.88027448053916	0.6412191893873654	0.6429688117946097	0.6959690616116687	0.7105832232321549	0.5924531037321046	0	0.1006445027119607	0.09723087645440849	0.1028846731025472
SumatranOr	0.8735086902390639	0.6556957041991311	0.6505509512161172	0.6794734338313843	0.6823385149982035	0.6008388438289753	0.1006445027119607	0	0.0541159398037168	0.05758740009414202
Human     	0.9240522198134522	0.6429369873600886	0.6419828426696185	0.6654577750702657	0.7020321797672389	0.5871344760663203	0.09723087645440849	0.0541159398037168	0	0.02814347906029546
Chimpanzee	0.881704699283225	0.6356283779845534	0.6383984721249549	0.6674594802710366	0.675678021490422	0.5917601147398045	0.1028846731025472	0.05758740009414202	0.02814347906029546	0