10
Zebrafish 	0	1.118047692490958	1.103962354273788	1.162925289946826	1.143927803993057	1.082775469485085	1.120203445988032	1.121301892647601	1.139279438006151	1.132825055218277
NorwayRat 	1.118047692490958	0	0.134387824891155	0.5090128452791365	0.4754886528573246	0.4738314846188724	0.4750748344715667	0.4784844052484014	0.5379709583867521	0.5412396094576899
HouseMouse	1.103962354273788	0.134387824891155	0	0.5209692852523358	0.4756905979116177	0.479909384470147	0.4810437363149135	0.4822910061173444	0.5497070220645256	0.544247457159421
GuineaPig 	1.162925289946826	0.5090128452791365	0.5209692852523358	0	0.4382570774255874	0.447229002183078	0.4374507670794684	0.44015758029718	0.499954743080203	0.5397094860003659
RhesusMonk	1.143927803993057	0.4754886528573246	0.4756905979116177	0.4382570774255874	0	0.06228664554002045	0.06218110261449555	0.06243917403274457	0.3825461698658593	0.4383048913526884
SumatranOr	1.082775469485085	0.4738314846188724	0.479909384470147	0.447229002183078	0.06228664554002045	0	0.03904468275443691	0.03880765356168234	0.3823931689367865	0.4462751364347205
Human     	1.120203445988032	0.4750748344715667	0.4810437363149135	0.4374507670794684	0.06218110261449555	0.03904468275443691	0	0.01415281458743659	0.3796868546632546	0.448164044909193
Chimpanzee	1.121301892647601	0.4784844052484014	0.4822910061173444	0.44015758029718	0.06243917403274457	0.03880765356168234	0.01415281458743659	0	0.3814585046945975	0.4560242035067684
Pig       	1.139279438006151	0.5379709583867521	0.5497070220645256	0.499954743080203	0.3825461698658593	0.3823931689367865	0.3796868546632546	0.3814585046945975	0	0.2721268071147499
Cattle    	1.132825055218277	0.5412396094576899	0.544247457159421	0.5397094860003659	0.4383048913526884	0.4462751364347205	0.448164044909193	0.4560242035067684	0.2721268071147499	0