10
Zebrafish 	0	1.432414252825489	1.095915803180389	1.104178014280799	1.102469379229392	1.07072417387541	1.088657696972694	1.095006601764069	1.055909151230125	1.066174298509322
GuineaPig 	1.432414252825489	0	1.068311823099853	1.082459046669116	1.043082032538019	1.020333263140441	1.020133042042223	1.011886072702716	1.041071766785045	1.045964425841509
NorwayRat 	1.095915803180389	1.068311823099853	0	0.1434061179537375	0.4675744788142123	0.4591344739382813	0.4600476613494517	0.4604442125802476	0.5070444050817955	0.5280028693441887
HouseMouse	1.104178014280799	1.082459046669116	0.1434061179537375	0	0.4794457876000532	0.4712075513528346	0.4716584504804133	0.4729229475759548	0.5128144153004094	0.5396522024327088
RhesusMonk	1.102469379229392	1.043082032538019	0.4675744788142123	0.4794457876000532	0	0.06720311885760891	0.06636712633334367	0.06772170898405233	0.3155494351792146	0.3335399904860097
SumatranOr	1.07072417387541	1.020333263140441	0.4591344739382813	0.4712075513528346	0.06720311885760891	0	0.02568891246120023	0.02647879783325589	0.2966775211957794	0.3199305534887997
Human     	1.088657696972694	1.020133042042223	0.4600476613494517	0.4716584504804133	0.06636712633334367	0.02568891246120023	0	0.01240739119956541	0.2955972361089935	0.3167497861838094
Chimpanzee	1.095006601764069	1.011886072702716	0.4604442125802476	0.4729229475759548	0.06772170898405233	0.02647879783325589	0.01240739119956541	0	0.299228728891785	0.3177551181878743
Pig       	1.055909151230125	1.041071766785045	0.5070444050817955	0.5128144153004094	0.3155494351792146	0.2966775211957794	0.2955972361089935	0.299228728891785	0	0.2186273317771192
Cattle    	1.066174298509322	1.045964425841509	0.5280028693441887	0.5396522024327088	0.3335399904860097	0.3199305534887997	0.3167497861838094	0.3177551181878743	0.2186273317771192	0