10
NorwayRat 	0	0.1453638254381627	1.312372332067448	0.6557704128832682	0.6698164757765983	0.6677309762631655	0.5486080118173162	0.54739783236377	0.5487989957902585	0.5474144562918967
HouseMouse	0.1453638254381627	0	1.289619203039119	0.6364108457593634	0.6462521764641591	0.6302302362786348	0.5374808444434436	0.5362999161220315	0.5384336814810481	0.5362746180545293
Zebrafish 	1.312372332067448	1.289619203039119	0	1.112932886237696	1.075726079919751	1.087654661624088	1.069151666845291	1.073600021495861	1.082256062592927	1.080643178501722
GuineaPig 	0.6557704128832682	0.6364108457593634	1.112932886237696	0	0.569364559400371	0.5811858289228181	0.4925846522918027	0.4817494771565555	0.4859609309223392	0.4857242082223272
Cattle    	0.6698164757765983	0.6462521764641591	1.075726079919751	0.569364559400371	0	0.3265403763767802	0.4311864256094199	0.426179267550051	0.4304059794768	0.4288382104582024
Pig       	0.6677309762631655	0.6302302362786348	1.087654661624088	0.5811858289228181	0.3265403763767802	0	0.3976096062919939	0.3991924933681197	0.4011494632537465	0.399791782695227
RhesusMonk	0.5486080118173162	0.5374808444434436	1.069151666845291	0.4925846522918027	0.4311864256094199	0.3976096062919939	0	0.06223438283151581	0.06361710943469689	0.06315255416928112
SumatranOr	0.54739783236377	0.5362999161220315	1.073600021495861	0.4817494771565555	0.426179267550051	0.3991924933681197	0.06223438283151581	0	0.03396122728295481	0.03287806075738781
Human     	0.5487989957902585	0.5384336814810481	1.082256062592927	0.4859609309223392	0.4304059794768	0.4011494632537465	0.06361710943469689	0.03396122728295481	0	0.01472401489179789
Chimpanzee	0.5474144562918967	0.5362746180545293	1.080643178501722	0.4857242082223272	0.4288382104582024	0.399791782695227	0.06315255416928112	0.03287806075738781	0.01472401489179789	0