10
Zebrafish 	0	0	0	0	1.005325101656088	0	0	0	0	0
GuineaPig 	0	0	0.5928135060044009	0.5912402523914304	0.4531176757971261	0.4446144547728512	0	0	0	0
NorwayRat 	0	0.5928135060044009	0	0.1126152022897641	0.4621214137093746	0.443242884192135	0	0	0	0
HouseMouse	0	0.5912402523914304	0.1126152022897641	0	0.4665763713117479	0.4479574898152254	0	0	1.511177265406699	0
Pig       	1.005325101656088	0.4531176757971261	0.4621214137093746	0.4665763713117479	0	0.1880211371809445	1.013771884585912	1.022134532330526	1.016789292066176	1.052967034346908
Cattle    	0	0.4446144547728512	0.443242884192135	0.4479574898152254	0.1880211371809445	0	0	0	0.917831573716587	0
RhesusMonk	0	0	0	0	1.013771884585912	0	0	0.09491796412245354	0.09449965735244228	0.0991164217545312
Chimpanzee	0	0	0	0	1.022134532330526	0	0.09491796412245354	0	0.006157038170299509	0.03301589404369617
Human     	0	0	0	1.511177265406699	1.016789292066176	0.917831573716587	0.09449965735244228	0.006157038170299509	0	0.0314506084576813
SumatranOr	0	0	0	0	1.052967034346908	0	0.0991164217545312	0.03301589404369617	0.0314506084576813	0