10
Pig       	0	1.261127237218516	1.045892886985091	1.08507031228326	1.14939699670383	1.116637621939384	1.062770854427652	1.01879764318725	1.067359400136797	1.068827787443904
Zebrafish 	1.261127237218516	0	1.031784381026291	1.069324046466001	1.127886240332824	1.102787663242351	1.092747804245621	1.090062315227015	1.087688019570551	1.090989769332382
NorwayRat 	1.045892886985091	1.031784381026291	0	0.1527881262310436	0.5722684370485805	0.5752560888494593	0.4952718078306502	0.4891970598959603	0.4880332051755396	0.4886008050215092
HouseMouse	1.08507031228326	1.069324046466001	0.1527881262310436	0	0.5658634878663652	0.5789441390744958	0.4982942137356772	0.4810253115239255	0.4885874650061248	0.4866965522775208
GuineaPig 	1.14939699670383	1.127886240332824	0.5722684370485805	0.5658634878663652	0	0.4780755751418588	0.4047325231020696	0.3864023481988389	0.3928178718851241	0.3922801252788727
Cattle    	1.116637621939384	1.102787663242351	0.5752560888494593	0.5789441390744958	0.4780755751418588	0	0.3461735213131878	0.3354888860383212	0.3403296737746703	0.3385716871307302
RhesusMonk	1.062770854427652	1.092747804245621	0.4952718078306502	0.4982942137356772	0.4047325231020696	0.3461735213131878	0	0.05580035435472272	0.05564218171613292	0.05463198700481085
SumatranOr	1.01879764318725	1.090062315227015	0.4891970598959603	0.4810253115239255	0.3864023481988389	0.3354888860383212	0.05580035435472272	0	0.02971810973858836	0.02847040129985811
Human     	1.067359400136797	1.087688019570551	0.4880332051755396	0.4885874650061248	0.3928178718851241	0.3403296737746703	0.05564218171613292	0.02971810973858836	0	0.01079695681981043
Chimpanzee	1.068827787443904	1.090989769332382	0.4886008050215092	0.4866965522775208	0.3922801252788727	0.3385716871307302	0.05463198700481085	0.02847040129985811	0.01079695681981043	0