10
Zebrafish 	0	0.9958231773925511	1.03415422337557	1.087110243273508	1.027981733094127	1.008190084361531	1.010208684377519	1.004600803570018	1.023963698875046	1.054213041922004
NorwayRat 	0.9958231773925511	0	0.1739982916520105	0.7639643356084831	0.5918484314606585	0.6502584164208284	0.6518697484058393	0.6499340305669187	0.7274713378902661	0.7277047570646979
HouseMouse	1.03415422337557	0.1739982916520105	0	0.8053907691485024	0.6789148300142129	0.6698068301432154	0.671091636403928	0.6685003661844665	0.7475723138225461	0.7324753963362175
GuineaPig 	1.087110243273508	0.7639643356084831	0.8053907691485024	0	0.6440207304915303	0.6432292857464698	0.6440715566853977	0.6373639278790678	0.7156914263920677	0.7010966253410512
RhesusMonk	1.027981733094127	0.5918484314606585	0.6789148300142129	0.6440207304915303	0	0.0802438461257539	0.07812519982756679	0.07859191614164228	0.5207305377150961	0.5205184669610581
SumatranOr	1.008190084361531	0.6502584164208284	0.6698068301432154	0.6432292857464698	0.0802438461257539	0	0.0452350470498484	0.04565409873940043	0.5041548599358683	0.5103930646414877
Human     	1.010208684377519	0.6518697484058393	0.671091636403928	0.6440715566853977	0.07812519982756679	0.0452350470498484	0	0.01548047151425311	0.5072113347153838	0.5091666788655724
Chimpanzee	1.004600803570018	0.6499340305669187	0.6685003661844665	0.6373639278790678	0.07859191614164228	0.04565409873940043	0.01548047151425311	0	0.5059492667092553	0.5086815267098095
Pig       	1.023963698875046	0.7274713378902661	0.7475723138225461	0.7156914263920677	0.5207305377150961	0.5041548599358683	0.5072113347153838	0.5059492667092553	0	0.3726385510844995
Cattle    	1.054213041922004	0.7277047570646979	0.7324753963362175	0.7010966253410512	0.5205184669610581	0.5103930646414877	0.5091666788655724	0.5086815267098095	0.3726385510844995	0