10
NorwayRat 	0	0.1595937321968479	1.380571834369902	0.9164925995194486	0.9239916888497657	1.075223582117045	0.789329089042387	0.7936161865141507	0.7931794528808551	0.797525830743763
HouseMouse	0.1595937321968479	0	1.370413495197591	0.8992939950318004	0.9174844781879241	1.070475822060265	0.7700643320552457	0.7815414453381053	0.7803985879741058	0.7831770926015246
Zebrafish 	1.380571834369902	1.370413495197591	0	1.034832189410774	1.105136432682011	1.178901545489469	1.116984766662055	1.16254961764857	1.163792353745208	1.176679136376624
Cattle    	0.9164925995194486	0.8992939950318004	1.034832189410774	0	0.4964548156858157	1.010914278498096	0.6330165735580326	0.6083447683734022	0.6095023396888634	0.6137299429318588
Pig       	0.9239916888497657	0.9174844781879241	1.105136432682011	0.4964548156858157	0	0.9604891887293824	0.6550102130557667	0.6362358616804754	0.6351872449626279	0.6437743299217313
GuineaPig 	1.075223582117045	1.070475822060265	1.178901545489469	1.010914278498096	0.9604891887293824	0	0.7921943555083881	0.7892427002508445	0.7841577854480963	0.7902022305883826
RhesusMonk	0.789329089042387	0.7700643320552457	1.116984766662055	0.6330165735580326	0.6550102130557667	0.7921943555083881	0	0.07013234691680589	0.07044310451781435	0.07139698456274761
Chimpanzee	0.7936161865141507	0.7815414453381053	1.16254961764857	0.6083447683734022	0.6362358616804754	0.7892427002508445	0.07013234691680589	0	0.01170138869795459	0.03191971081409692
Human     	0.7931794528808551	0.7803985879741058	1.163792353745208	0.6095023396888634	0.6351872449626279	0.7841577854480963	0.07044310451781435	0.01170138869795459	0	0.03209845440996414
SumatranOr	0.797525830743763	0.7831770926015246	1.176679136376624	0.6137299429318588	0.6437743299217313	0.7902022305883826	0.07139698456274761	0.03191971081409692	0.03209845440996414	0