10
Zebrafish 	0	0.8539632174613567	1.079219904951568	1.046716458689972	1.413529186303125	1.387968806729483	1.354633383489245	1.389479029455627	1.073976336765629	1.176146215425038
GuineaPig 	0.8539632174613567	0	0.6217685626679136	0.5888930385110649	1.224096992727129	0.9240161131414136	1.247188242000251	1.239024295311394	0.5160240599198812	0.556869790997325
NorwayRat       	1.079219904951568	0.6217685626679136	0	0.1736429104784699	1.327109399127292	1.432465228788957	1.366710493697206	1.386534401417026	0.5588535726793047	0.7142777083677794
HouseMouse     	1.046716458689972	0.5888930385110649	0.1736429104784699	0	1.340775629309647	1.451543218210898	1.345406904100824	1.383845267108944	0.5475593257960635	0.7046314326033789
RhesusMonk	1.413529186303125	1.224096992727129	1.327109399127292	1.340775629309647	0	0.09621382253191299	0.09178015352656865	0.08942332538653432	0.9194637832835335	0.9335845827314462
Chimpanzee     	1.387968806729483	0.9240161131414136	1.432465228788957	1.451543218210898	0.09621382253191299	0	0.03468826323806677	0.04776636894630894	0.9836990041715332	0.9573199235487277
Human     	1.354633383489245	1.247188242000251	1.366710493697206	1.345406904100824	0.09178015352656865	0.03468826323806677	0	0.04168590702765606	0.9304484373514935	0.9475535223490192
SumatranOr 	1.389479029455627	1.239024295311394	1.386534401417026	1.383845267108944	0.08942332538653432	0.04776636894630894	0.04168590702765606	0	0.9435637206249818	0.9572265474090196
Pig       	1.073976336765629	0.5160240599198812	0.5588535726793047	0.5475593257960635	0.9194637832835335	0.9836990041715332	0.9304484373514935	0.9435637206249818	0	0.3234666022530849
Cattle       	1.176146215425038	0.556869790997325	0.7142777083677794	0.7046314326033789	0.9335845827314462	0.9573199235487277	0.9475535223490192	0.9572265474090196	0.3234666022530849	0