10
Zebrafish 	0	0.8312585441897555	0.809934873691631	0.918667461236937	0.8344693145342457	0.7873963310873802	0.8221833672104637	0.8993903834344068	0.9106433844784989	0.9254707533847261
NorwayRat 	0.8312585441897555	0	0.1570250599264575	0.7821772540346141	0.8034558236693863	0.7996609434571451	0.7989134109378405	0.9464663802241313	0.9142521657986804	0.8944151571488197
HouseMouse	0.809934873691631	0.1570250599264575	0	0.8014710395981859	0.8314116175060798	0.8293336572706901	0.8312656123124652	0.9981995952058802	0.9536546298238155	0.9258679774183818
RhesusMonk	0.918667461236937	0.7821772540346141	0.8014710395981859	0	0.07886016036623671	0.08053578795906802	0.07868141547193302	0.8697259786903344	0.6800479169775405	0.680319557166269
SumatranOr	0.8344693145342457	0.8034558236693863	0.8314116175060798	0.07886016036623671	0	0.04162727130136937	0.04085434591898902	0.8868417811894747	0.6907845015596291	0.682258779205234
Human     	0.7873963310873802	0.7996609434571451	0.8293336572706901	0.08053578795906802	0.04162727130136937	0	0.01736282554311384	0.8903765108131159	0.6881072370856077	0.6847205379167793
Chimpanzee	0.8221833672104637	0.7989134109378405	0.8312656123124652	0.07868141547193302	0.04085434591898902	0.01736282554311384	0	0.8888773227857842	0.6841826565781808	0.682651589847169
GuineaPig 	0.8993903834344068	0.9464663802241313	0.9981995952058802	0.8697259786903344	0.8868417811894747	0.8903765108131159	0.8888773227857842	0	0.7845235127533325	0.7790314205935061
Pig       	0.9106433844784989	0.9142521657986804	0.9536546298238155	0.6800479169775405	0.6907845015596291	0.6881072370856077	0.6841826565781808	0.7845235127533325	0	0.4640296462678828
Cattle    	0.9254707533847261	0.8944151571488197	0.9258679774183818	0.680319557166269	0.682258779205234	0.6847205379167793	0.682651589847169	0.7790314205935061	0.4640296462678828	0