10
Zebrafish 	0	0.2268838071828892	0.2342956556863497	0.2195098976210924	0.2341156999807075	0.2584595924721936	0.2319917685626993	0.2508145010721899	0.2289084876080746	0.2541918521417988
GuineaPig 	0.2268838071828892	0	0.186856023242264	0.1695730257233461	0.1935306592624699	0.1480018830625421	0.1559332432386725	0.1595925512349959	0.1793099196637135	0.1474273016127195
Rat       	0.2342956556863497	0.186856023242264	0	0.09830386758054982	0.1588484494815593	0.1669645963412482	0.177810517092663	0.172093102816024	0.1836292753194493	0.170357465010461
Mouse     	0.2195098976210924	0.1695730257233461	0.09830386758054982	0	0.1592093230742051	0.1669783104923506	0.1628318262079883	0.1589254142848901	0.1707271025299462	0.167590884867307
RhesusMon	0.2341156999807075	0.1935306592624699	0.1588484494815593	0.1592093230742051	0	0.06370633852749556	0.05880013323493825	0.05722987401239406	0.1434445699184263	0.1893343925289561
Chimp     	0.2584595924721936	0.1480018830625421	0.1669645963412482	0.1669783104923506	0.06370633852749556	0	0.02417618458883648	0.03127360840754627	0.1385522657478626	0.1378365673192582
Human     	0.2319917685626993	0.1559332432386725	0.177810517092663	0.1628318262079883	0.05880013323493825	0.02417618458883648	0	0.03199132370191793	0.1399775548364522	0.1271095736203388
Orangutan 	0.2508145010721899	0.1595925512349959	0.172093102816024	0.1589254142848901	0.05722987401239406	0.03127360840754627	0.03199132370191793	0	0.1404742091302771	0.1406766986982307
Pig       	0.2289084876080746	0.1793099196637135	0.1836292753194493	0.1707271025299462	0.1434445699184263	0.1385522657478626	0.1399775548364522	0.1404742091302771	0	0.1223100565865426
Cow       	0.2541918521417988	0.1474273016127195	0.170357465010461	0.167590884867307	0.1893343925289561	0.1378365673192582	0.1271095736203388	0.1406766986982307	0.1223100565865426	0